9.0
68.0
11.0
50.0
27.0
92.0
74.0
47.0
54.0
79.0
76.0
1.0
48.0
30.0
70.0
22.0
2.0
5.0
58.0
75.0
44.0
16.0
4.0
19.0
46.0
54.0
14.0
50.0
7.0
29.0
3.0
30.0
2.0
36.0
45.0
42.0
42.0
96.0
25.0
41.0
65.0
47.0
11.0
57.0
85.0
27.0
42.0
20.0
64.0
96.0
10.0
79.0
15.0
48.0
28.0
10.0
83.0
44.0
11.0
99.0
0.0
26.0
82.0
42.0
25.0
64.0
3.0
81.0
4.0
94.0
46.0
63.0
30.0
40.0
20.0
96.0
61.0
8.0
79.0
43.0
91.0
60.0
27.0
90.0
61.0
20.0
10.0
15.0
11.0
71.0
91.0
52.0
30.0
26.0
90.0
61.0
4.0
12.0
76.0
8.0
El proceso de escritura ha tardado 2 ms
